p =

     6


Approx =

    4.0018    4.9944    4.0208    6.9930    5.0306    6.9987    3.9599
    5.9977    8.0073    4.9730    8.0091    7.9603   11.0017    6.0521
    5.0044    6.9863    5.0508    8.9829    9.0747    9.9969    6.9020
    6.0033    7.9899    5.0377    7.9873    9.0554   10.9977    6.9273
    3.9976    3.0074    1.9723    3.0093    3.9593    7.0017    3.0534
    3.9909    6.0281    4.8955    8.0352    7.8463    8.0064    6.2016
    1.0009    2.9972    3.0103    4.9965    5.0152    4.9994    3.9800
    5.0020    5.9938    6.0231    7.9922    8.0340    8.9986    6.9554