Likelihoodratio =

   0.500000000000000


alf =

   200


bet =

   200


probability =

   0.954905892841524