dt =

   0.010000000000000


errornorm1 =

   0.047728988542235


dt =

   0.005000000000000


errornorm2 =

   0.023906707414396


dt =

   0.002500000000000


errornorm3 =

   0.011963945411337


dt =

   0.001250000000000


errornorm4 =

   0.005984628371388


convergencerate1 =

   0.997450317087683


convergencerate2 =

   0.998722213577735


convergencerate3 =

   0.999359665154473


dt =

   0.010000000000000


errornorm1 =

     9.872925952404974e-05


dt =

   0.005000000000000


errornorm2 =

     2.467496419816468e-05


dt =

   0.002500000000000


errornorm3 =

     6.161335891714355e-06


dt =

   0.001250000000000


errornorm4 =

     1.532926485682887e-06


convergencerate1 =

   2.000429715493555


convergencerate2 =

   2.001732898474051


convergencerate3 =

   2.006954676282017