Iexact =

     6.546843275251011e+02


Iest =

     6.546846550381190e+02